1	145
2	343218
3	705
4	2308
5	274737
6	1456
7	2400130
8	2337
9	1118
10	955992
11	1289613
12	1601
13	2526712
14	808
15	1628
16	288
17	2402964
18	421549
19	2500944
20	1340
21	264946
22	706430
23	861703
24	498250
25	423761
26	689637
27	1593
28	115566
29	2619572
30	1055203
31	487105
32	263268
33	869890
34	1783112
35	1328
36	786080
37	2284483
38	766
39	2038151
40	631
41	727
42	675
43	1027
44	1952
45	1193
46	538
47	2005
48	2062
49	2461
50	2797113
51	2841
52	1002951
53	653693
54	1806
55	2380952
56	732731
57	261226
58	2084101
59	2500795
60	1760506
61	2682749
62	1995427
63	1432
64	2926
65	838
66	1229564
67	2561282
68	716741
69	2094815
70	2503303
71	1434212
72	1199
73	1987
74	2123
75	2080387
76	1368
77	430590
78	795362
79	2383
80	2123460
81	742242
82	23368
83	254
84	2777
85	2180
86	1758
87	1030834
88	1600
89	541
90	1865781
91	1450692
92	2120225
93	750
94	2199
95	2737
96	204
97	1030255
98	2491763
99	547864
100	2844125
101	2588
102	1106
103	175245
104	2971
105	954117
106	147
107	579
108	804353
109	51
110	2272688
111	2417080
112	432758
113	1701
114	1845
115	334
116	2836
117	2272826
118	1048977
119	56
120	606
121	2513
122	668378
123	1943528
124	2111
125	1045450
126	2086
127	761
128	2183
129	417
130	1223094
131	1031163
132	2351737
133	2468
134	547
135	1849260
136	2594
137	2949
138	1227954
139	1169
140	800
141	2200
142	2774
143	698
144	2099355
145	2055
146	893
147	612
148	1014176
149	1992010
150	158
151	392666
152	913788
153	2668
154	2324
155	1989128
156	1026695
157	2535245
158	162086
159	1451728
160	2505
161	1592
162	1221
163	684
164	1263
165	1805
166	839
167	1393914
168	2133624
169	2361662
170	1922
171	1486705
172	104564
173	917347
174	262
175	521
176	844
177	519922
178	796
179	2009
180	2511460
181	2584
182	2347
183	1315100
184	219
185	1720
186	515023
187	904
188	2919
189	842935
190	841
191	1178970
192	2081589
193	1379
194	1765051
195	2992
196	2887
197	1820
198	319509
199	1247167
200	2680
201	1655
202	282
203	555057
204	1746303
205	910
206	525330
207	1045535
208	948
209	1003
210	2171
211	1394592
212	1681
213	2037352
214	2826
215	208
216	658
217	466009
218	2038
219	415100
220	1289
221	2776
222	1795249
223	1768
224	113135
225	769928
226	818
227	2656883
228	704
229	1064504
230	2377638
231	1473028
232	491
233	1334
234	424003
235	1852507
236	2114
237	854
238	2373
239	1992092
240	291724
241	1306
242	1935558
243	366
244	2471329
245	572
246	520
247	428526
248	1276
249	527721
250	183
251	696
252	1892
253	1156884
254	419731
255	2647
256	476
257	1026495
258	623552
259	1245593
260	958747
261	466
262	1561
263	1955
264	983
265	1743
266	2201472
267	225
268	1057777
269	614
270	2074
271	1447
272	274704
273	1408
274	868545
275	1721
276	2489690
277	2703
278	665
279	439519
280	2868
281	2501404
282	1104
283	105262
284	1822
285	2050941
286	1669982
287	2540932
288	1669233
289	1797
290	319
291	1079883
292	603043
293	1926
294	630
295	1669
296	468
297	70804
298	248489
299	2804242
300	775288
301	2698
302	743
303	2314
304	1518
305	1160247
306	2407
307	2846311
308	44001
309	159
310	1576087
311	976821
312	383285
313	291
314	895
315	2568
316	754
317	2400822
318	963
319	1503
320	2385089
321	1975361
322	2135
323	1013399
324	1068012
325	2375776
326	2094548
327	956156
328	1036818
329	394
330	2662668
331	971
332	361
333	2427
334	614914
335	2328
336	1279
337	1488
338	284
339	2666069
340	1630
341	1599825
342	186425
343	232
344	889
345	1460
346	108885
347	2079116
348	2460140
349	1821914
350	2041
351	1308063
352	1532119
353	1872
354	2162
355	143629
356	2364
357	635
358	2667137
359	232520
360	1562
361	1396
362	1810378
363	1205
364	1835
365	1162
366	125507
367	991839
368	1329
369	1636
370	843215
371	917325
372	1119041
373	1000853
374	1745
375	1058
376	1575880
377	2010067
378	1364
379	386
380	1452
381	2770
382	1673
383	443583
384	1350
385	2760
386	1150
387	1002596
388	337063
389	182014
390	419367
391	2538
392	2807908
393	2501069
394	1496
395	1776113
396	1920
397	850051
398	1948
399	977871
400	2188
401	2802
402	873978
403	2402002
404	2337248
405	167681
406	1268535
407	1121
408	120
409	1188575
410	704218
411	2392112
412	2258161
413	778
414	107283
415	1925
416	410683
417	2117155
418	945700
419	812
420	1373
421	2817668
422	338
423	2235
424	594
425	1179315
426	621
427	1002
428	610781
429	763
430	2456967
431	303
432	2008037
433	139170
434	1568454
435	2317
436	299111
437	1257
438	1428
439	486894
440	1069239
441	2483169
442	972
443	123
444	1240971
445	2228913
446	243
447	2360028
448	102
449	115
450	1942
451	2093839
452	2493471
453	401768
454	489724
455	311
456	18
457	711405
458	439
459	1032062
460	1824936
461	1920971
462	2712
463	358
464	1021107
465	1650
466	399
467	1856546
468	1369
469	322
470	1962
471	1668976
472	1022783
473	703
474	719
475	1304211
476	977
477	1941710
478	2499675
479	2267
480	1095
481	2368310
482	1546532
483	489
484	2624906
485	2483873
486	591007
487	1777767
488	319469
489	2532
490	582462
491	2674
492	433405
493	960
494	113017
495	1386
496	884637
497	584372
498	867730
499	1622064
500	2639429
501	2028406
502	718
503	177
504	109727
505	2287
506	1198
507	1740
508	1041
509	1793
510	979628
511	368624
512	1313
513	108
514	1312
515	2994
516	954654
517	852553
518	1958387
519	465
520	2100068
521	2218
522	1886304
523	429
524	1741
525	1364682
526	46
527	1669590
528	360684
529	1128710
530	423844
531	1504
532	967
533	257
534	151458
535	149160
536	1255
537	414
538	1051
539	408360
540	1258
541	2045
542	1136303
543	2906
544	1777
545	422749
546	1099445
547	116
548	2491696
549	58692
550	806823
551	1446
552	380680
553	2326
554	2036038
555	866586
556	1510
557	1706
558	2433707
559	2982
560	1019915
561	247
562	2189
563	2400
564	428445
565	1469375
566	1829
567	155
568	1141572
569	2875
570	571
571	2637
572	926
573	1419113
574	2121
575	253999
576	1599
577	2182
578	223
579	1670731
580	2411
581	1400
582	2892
583	793
584	1817
585	2976
586	1034
587	259
588	334968
589	2508999
590	825883
591	459
592	1670562
593	49
594	2246
595	1618174
596	530228
597	757861
598	923062
599	632
600	1171
601	2085
602	186
603	2032662
604	2940
605	2600907
606	3000
607	2152
608	2250955
609	597601
610	1074
611	456107
612	1022
613	1172
614	2351
615	325
616	2745397
617	2454
618	2503087
619	1407
620	1132
621	2459234
622	894
623	1773042
624	1918164
625	2790
626	2316652
627	2355366
628	291099
629	1971
630	1088992
631	1756
632	477
633	1669874
634	107
635	797
636	811924
637	525
638	1682
639	50
640	921
641	2920
642	1915300
643	2600
644	1760
645	2386609
646	2242946
647	86
648	953462
649	354118
650	659
651	1091
652	958209
653	2434
654	373
655	1138
656	1954035
657	300452
658	940639
659	85
660	780
661	751
662	1309307
663	1543
664	1913338
665	2816399
666	980250
667	2350
668	1634
669	2870455
670	2229909
671	1901
672	673
673	1487
674	666
675	513293
676	601
677	265
678	22
679	2827
680	547196
681	453527
682	398548
683	1646
684	1401
685	1936693
686	362374
687	2250326
688	1156
689	1574
690	2260
691	1614
692	71
693	1547061
694	865
695	221
696	1414
697	1560
698	1791596
699	2022
700	1949773
701	1472714
702	1370935
703	1782244
704	64657
705	1273
706	2524460
707	580403
708	1640331
709	1968396
710	142407
711	1654
712	1585197
713	1849
714	142
715	1716
716	2166687
717	542184
718	2066
719	1653
720	1462
721	611
722	800932
723	756560
724	947243
725	2914
726	958
727	717914
728	114
729	19
730	1909
731	1024
732	2846
733	2403424
734	1545
735	2368653
736	1882356
737	1786432
738	152653
739	2627894
740	2729
741	355078
742	513581
743	182
744	2733
745	293937
746	1082830
747	1989406
748	175129
749	1796
750	1109
751	1744
752	2127
753	460
754	1851229
755	2140
756	2096
757	1765000
758	2000114
759	301073
760	1249
761	1684
762	2486478
763	1864993
764	1371
765	1721390
766	1326162
767	2288566
768	668245
769	1495052
770	2576
771	1668
772	1061642
773	814284
774	264
775	2462763
776	458242
777	1557
778	1609
779	2753
780	669
781	2662773
782	2512
783	1019148
784	2903
785	1578659
786	1453
787	1670635
788	2225
789	1566968
790	7319
791	2973
792	2635
793	542509
794	2663941
795	1984
796	1427
797	2789432
798	1618058
799	2372673
800	1083663
801	1528
802	2635749
803	109
804	1888
805	1567328
806	252
807	949
808	2012055
809	803178
810	1675778
811	2084869
812	1559
813	249855
814	376417
815	2120575
816	650085
817	314
818	2116046
819	390
820	185472
821	708882
822	919
823	411
824	2907
825	1769
826	1376
827	2646971
828	1856
829	596778
830	471663
831	1080
832	2456
833	2049
834	422
835	1455
836	20
837	1503463
838	2487
839	576238
840	227535
841	1421
842	1021828
843	2898
844	2239
845	2404
846	2282586
847	454
848	724
849	2653
850	645148
851	2788110
852	2094257
853	37
854	1677017
855	2423
856	614677
857	1989
858	1861
859	1976
860	384149
861	2436
862	855789
863	2018
864	20566
865	2367037
866	610
867	1615
868	2804753
869	2450
870	172247
871	855
872	714604
873	741426
874	2955
875	2840
876	2306
877	2194983
878	2244
879	1085142
880	586746
881	533
882	748726
883	2932
884	1965
885	2095842
886	996574
887	748
888	2925
889	2274
890	651
891	2451
892	2423401
893	1454
894	1082
895	2784865
896	558034
897	1966862
898	964
899	1005181
900	880
901	739919
902	1012170
903	991
904	2087
905	885530
906	2224
907	442
908	852
909	1043001
910	1470921
911	710
912	2515
913	1011972
914	1224
915	1179
916	2027
917	1018
918	2480
919	554
920	1442
921	198353
922	597686
923	511
924	2309
925	2883
926	1367
927	823400
928	2086135
929	2464591
930	593
931	1768316
932	2832814
933	1019964
934	268
935	2742
936	2282618
937	90
938	1212
939	802
940	2619
941	1015
942	1215207
943	421005
944	1714
945	2484006
946	1936703
947	972731
948	1341
949	1038059
950	35
951	351
952	2085784
953	339
954	969786
955	1763462
956	1656684
957	276043
958	192
959	2091
960	1755910
961	2084
962	780998
963	236
964	440
965	2143017
966	1391
967	1850
968	2825
969	2838
970	1742
971	185480
972	1485972
973	505
974	2861
975	982295
976	2376250
977	1426764
978	2363998
979	721077
980	2867
981	2069
982	1481
983	1773
984	2597714
985	985
986	732
987	39021
988	745
989	1618
990	598558
991	1036229
992	1551
993	1736
994	2174
995	981835
996	1881
997	1314712
998	453
999	843582
1000	2204548
1001	1764951
1002	7
1003	171573
1004	566
1005	92795
1006	471583
1007	1091052
1008	2367121
1009	2259
1010	1589
1011	2719221
1012	2710167
1013	798541
1014	1171970
1015	787
1016	2434274
1017	870818
1018	98263
1019	1737
1020	623
1021	1725
1022	1034733
1023	2417
1024	796378
1025	1512
1026	1099
1027	1364685
1028	2184
1029	335329
1030	1246
1031	62025
1032	1834
1033	274238
1034	1611
1035	2881
1036	851
1037	2432593
1038	1945
1039	2401709
1040	2392616
1041	857444
1042	599
1043	2795669
1044	2754278
1045	962532
1046	747
1047	1118843
1048	1345
1049	299584
1050	2613229
1051	820256
1052	1395631
1053	373370
1054	693
1055	1311
1056	2494109
1057	1173816
1058	2186
1059	392836
1060	383
1061	822190
1062	291222
1063	2214
1064	2778619
1065	2180299
1066	954464
1067	1895884
1068	1985
1069	741
1070	2070
1071	2494064
1072	956
1073	1771083
1074	2438856
1075	1360224
1076	1420484
1077	1941897
1078	2490818
1079	2551
1080	2935
1081	2687
1082	1923302
1083	2801
1084	217553
1085	2864
1086	1623964
1087	43734
1088	2306573
1089	884
1090	2136515
1091	1315574
1092	2951
1093	1200
1094	2282416
1095	1939497
1096	1033451
1097	2409
1098	2463
1099	1870
1100	427765
1101	956168
1102	1946855
1103	1989358
1104	544
1105	2172686
1106	590820
1107	2196697
1108	569724
1109	582
1110	2705937
1111	1917
1112	2402
1113	2586
1114	2445
1115	1671
1116	825
1117	2295450
1118	689
1119	2334
1120	767
1121	1173772
1122	963950
1123	2688447
1124	238223
1125	1633228
1126	2794386
1127	2
1128	2985
1129	678
1130	2829
1131	2626
1132	1042652
1133	2447
1134	2358
1135	2777298
1136	862
1137	302207
1138	1600261
1139	2564659
1140	890
1141	356
1142	609067
1143	2063
1144	756603
1145	2880
1146	768
1147	2386
1148	1284
1149	95
1150	1099048
1151	48
1152	953435
1153	2093541
1154	2339458
1155	2565696
1156	975417
1157	1004032
1158	536
1159	2859
1160	1505323
1161	638
1162	1090396
1163	2198
1164	831
1165	529787
1166	803238
1167	2008560
1168	292
1169	2963
1170	834
1171	937
1172	676
1173	1204384
1174	1500
1175	843172
1176	934
1177	2995
1178	607
1179	2097
1180	924
1181	701164
1182	31
1183	2479
1184	2604
1185	806541
1186	423926
1187	1926414
1188	1958
1189	2495
1190	1378
1191	2231
1192	133
1193	2639
1194	2813
1195	96531
1196	1061
1197	2563561
1198	1567213
1199	413
1200	1261
1201	447
1202	1309
1203	959
1204	1332
1205	298
1206	897005
1207	1017815
1208	1101
1209	2242
1210	868112
1211	515
1212	1836
1213	2686413
1214	1745670
1215	385330
1216	300208
1217	1385072
1218	2251112
1219	1323
1220	77
1221	862734
1222	2543127
1223	953142
1224	2361
1225	847
1226	1943
1227	1743596
1228	273
1229	824
1230	1055
1231	1964603
1232	1532
1233	1901401
1234	1225
1235	190
1236	1729
1237	2272
1238	57
1239	1079
1240	2164
1241	1134416
1242	290898
1243	2692
1244	408548
1245	553
1246	1243
1247	1927
1248	1204822
1249	706255
1250	78377
1251	1506
1252	1466
1253	143
1254	217
1255	2494138
1256	1750
1257	463
1258	345
1259	2238727
1260	416
1261	2145
1262	48537
1263	2690
1264	1230
1265	112
1266	2736
1267	1807731
1268	1780
1269	1814
1270	980096
1271	1291337
1272	368
1273	2343354
1274	2801440
1275	661
1276	2399
1277	922
1278	850482
1279	1877
1280	159209
1281	1457705
1282	686
1283	2265
1284	513
1285	2400056
1286	2133591
1287	1086238
1288	1900337
1289	2630
1290	1886
1291	1057
1292	140
1293	609155
1294	2333
1295	2434546
1296	1785806
1297	164
1298	730
1299	2593502
1300	1411
1301	1267622
1302	2888
1303	2571422
1304	2354
1305	1911677
1306	2002
1307	1935
1308	1617460
1309	312
1310	1242
1311	863895
1312	56694
1313	1929
1314	332
1315	825632
1316	1963
1317	2136604
1318	308389
1319	2927
1320	120345
1321	2545
1322	2565
1323	2148
1324	1232
1325	2816602
1326	1187821
1327	2623773
1328	665135
1329	1994685
1330	40
1331	1777491
1332	1989807
1333	2954
1334	2713439
1335	1147
1336	1807452
1337	2001
1338	2428
1339	297
1340	2897
1341	2069256
1342	26134
1343	1060
1344	1175
1345	2015
1346	1482
1347	1567125
1348	1875
1349	2238374
1350	2373535
1351	938
1352	294
1353	2008099
1354	1731656
1355	2778445
1356	954193
1357	279016
1358	559
1359	882087
1360	1866535
1361	2486
1362	2398
1363	2361146
1364	2530
1365	1502
1366	816
1367	956060
1368	858
1369	1223
1370	1565
1371	187
1372	1103657
1373	639
1374	1533
1375	1365
1376	902379
1377	93437
1378	2873
1379	2460155
1380	1712393
1381	1972
1382	2453
1383	1669943
1384	156498
1385	2401470
1386	1566813
1387	1935174
1388	879232
1389	125
1390	940684
1391	2461423
1392	1867
1393	872
1394	558903
1395	331
1396	326
1397	1660674
1398	2369
1399	2476
1400	1128697
1401	1609677
1402	1105
1403	557712
1404	2747339
1405	1779969
1406	2913
1407	2477
1408	981630
1409	2268
1410	1707
1411	1771201
1412	234
1413	31795
1414	707027
1415	1830251
1416	2817659
1417	791
1418	1867929
1419	2783
1420	899
1421	2858
1422	1334885
1423	1448440
1424	1897955
1425	39
1426	2142
1427	36294
1428	953173
1429	789819
1430	799623
1431	2372
1432	2372394
1433	2654
1434	291715
1435	1678
1436	173030
1437	25
1438	229
1439	107406
1440	897
1441	106713
1442	2734662
1443	2772604
1444	1253571
1445	2775
1446	2543134
1447	2681
1448	2289904
1449	102014
1450	205
1451	23
1452	1581
1453	1005
1454	1028329
1455	436
1456	2226
1457	2400905
1458	2255538
1459	344
1460	857219
1461	856
1462	1889
1463	2302
1464	311793
1465	2414
1466	2631
1467	1903
1468	304
1469	1765
1470	297087
1471	2802828
1472	2327
1473	1971519
1474	2297698
1475	1146
1476	1689915
1477	2367590
1478	728
1479	112422
1480	1832604
1481	545175
1482	381
1483	1331
1484	1061664
1485	431568
1486	2494184
1487	580848
1488	275141
1489	976021
1490	1669430
1491	1566461
1492	1669792
1493	1995
1494	366377
1495	709047
1496	815
1497	1208
1498	2332
1499	603
1500	938996
1501	2426
1502	1579
1503	1636634
1504	61
1505	2296195
1506	2094985
1507	2046
1508	857281
1509	1215
1510	1992859
1511	1157
1512	835
1513	1839
1514	228
1515	1170
1516	1404558
1517	1634390
1518	717018
1519	2563
1520	430
1521	2361706
1522	848
1523	1485
1524	67
1525	468704
1526	353
1527	1623318
1528	2794745
1529	1325
1530	1267597
1531	1997
1532	302
1533	151297
1534	266
1535	349401
1536	564
1537	2410
1538	330
1539	2366
1540	1929917
1541	1939565
1542	758933
1543	2206
1544	844363
1545	1788795
1546	1291
1547	2804533
1548	260
1549	1786
1550	1275433
1551	1694350
1552	1235957
1553	87417
1554	2253468
1555	2167
1556	2002809
1557	2809
1558	942358
1559	721
1560	1248431
1561	1785
1562	2657294
1563	424
1564	1669985
1565	175
1566	1051783
1567	712
1568	2282442
1569	2191
1570	2216
1571	382233
1572	2284529
1573	2100208
1574	2213
1575	903227
1576	2529209
1577	2843
1578	1640
1579	2814708
1580	549
1581	843615
1582	2312
1583	861
1584	2775909
1585	299740
1586	803880
1587	96917
1588	1755
1589	1125395
1590	2250617
1591	1194
1592	213
1593	715352
1594	64062
1595	2093
1596	2320
1597	402
1598	317
1599	327
1600	759
1601	2321
1602	2592
1603	1188095
1604	2745118
1605	1909246
1606	285260
1607	2307
1608	89
1609	1738604
1610	708698
1611	2487038
1612	1916
1613	2078
1614	1869
1615	1145822
1616	2057
1617	2461185
1618	20509
1619	2020
1620	1617
1621	1064
1622	1483
1623	958718
1624	1618023
1625	1926954
1626	2194
1627	2375006
1628	555952
1629	2596
1630	289499
1631	679
1632	2443
1633	2623
1634	1722
1635	1944526
1636	2756
1637	2805496
1638	2356729
1639	1405005
1640	138
1641	2294
1642	849
1643	2651219
1644	2681799
1645	862439
1646	2178
1647	2144538
1648	111
1649	902
1650	1009
1651	2361883
1652	2732132
1653	2018355
1654	1144
1655	2512387
1656	1992776
1657	2053
1658	433
1659	892
1660	372
1661	687
1662	1709
1663	106236
1664	1443
1665	1363266
1666	1511
1667	2137
1668	1627
1669	804
1670	2507479
1671	2643547
1672	1992150
1673	451
1674	2778542
1675	1894
1676	2714
1677	390056
1678	44373
1679	213797
1680	1938635
1681	59
1682	392418
1683	2175
1684	955
1685	788340
1686	197
1687	1958688
1688	835169
1689	723
1690	1336171
1691	1319
1692	2082
1693	2565395
1694	2537
1695	352
1696	2722
1697	2127517
1698	2707692
1699	2660
1700	2279
1701	684209
1702	2735729
1703	905201
1704	508614
1705	1607349
1706	2616664
1707	520342
1708	997
1709	1897
1710	2151
1711	881071
1712	2499429
1713	1633
1714	156672
1715	1156819
1716	96843
1717	2276178
1718	1795285
1719	495
1720	2684
1721	802283
1722	623293
1723	1357
1724	529
1725	1693831
1726	1513
1727	2205363
1728	1436
1729	842355
1730	536734
1731	2617
1732	735080
1733	2090
1734	1535
1735	1718
1736	2794
1737	920
1738	1114
1739	535749
1740	1051546
1741	1070620
1742	2256
1743	1458
1744	38373
1745	2226241
1746	970
1747	1275182
1748	1245
1749	701239
1750	332651
1751	1129
1752	168349
1753	2303766
1754	1083626
1755	990
1756	107228
1757	168684
1758	484725
1759	1982
1760	1698
1761	1247155
1762	2803006
1763	2392190
1764	2020963
1765	2619521
1766	456
1767	688
1768	1165
1769	1483132
1770	1305
1771	1240
1772	80861
1773	2974
1774	489572
1775	2431932
1776	1384
1777	1321
1778	2467775
1779	1923
1780	962
1781	810
1782	2640
1783	2376
1784	2150
1785	2529
1786	175011
1787	1597482
1788	512
1789	2468030
1790	1033061
1791	2673718
1792	735
1793	412
1794	1842
1795	739
1796	795056
1797	560507
1798	2577
1799	2143
1800	1301
1801	2502
1802	1700
1803	1606
1804	2210
1805	1463
1806	2786658
1807	1382058
1808	1489
1809	2561
1810	1016
1811	993
1812	996
1813	197953
1814	2345421
1815	466090
1816	1617237
1817	1164014
1818	762
1819	307
1820	1322873
1821	1038849
1822	212
1823	2019
1824	1862188
1825	2819866
1826	679970
1827	2746
1828	457
1829	1036
1830	792
1831	2357
1832	908
1833	1047855
1834	682144
1835	1889956
1836	598908
1837	1404
1838	1466587
1839	1360181
1840	829
1841	1800
1842	397
1843	299847
1844	998091
1845	398945
1846	892499
1847	1130
1848	1995550
1849	2113
1850	156454
1851	1644
1852	1458135
1853	602123
1854	1072
1855	1652
1856	2124
1857	2461562
1858	1148054
1859	1005477
1860	609512
1861	2929
1862	1554
1863	691827
1864	1633974
1865	115897
1866	2555
1867	1600652
1868	1700658
1869	870746
1870	1272
1871	2179111
1872	1452887
1873	80226
1874	1044133
1875	1051854
1876	1802
1877	2430728
1878	790
1879	2734547
1880	223663
1881	2812
1882	2804947
1883	2855
1884	1002734
1885	1555
1886	2794784
1887	2530670
1888	2431
1889	653061
1890	2483833
1891	1098
1892	2437439
1893	291214
1894	251
1895	2496358
1896	1006039
1897	1795109
1898	2939
1899	845228
1900	795307
1901	1905090
1902	1572
1903	2211331
1904	1557544
1905	1770952
1906	1520559
1907	823
1908	2492
1909	2003322
1910	2159
1911	1913
1912	2917
1913	2229
1914	2338030
1915	2065329
1916	191
1917	450270
1918	1027101
1919	2433976
1920	2875050
1921	876
1922	1009544
1923	2676
1924	2561287
1925	290455
1926	560524
1927	471
1928	106405
1929	860870
1930	310
1931	249
1932	2581
1933	892185
1934	963071
1935	173216
1936	1731508
1937	2387
1938	137
1939	2406452
1940	2027677
1941	1879518
1942	1579306
1943	644
1944	396041
1945	1177
1946	460503
1947	2580
1948	2244818
1949	2394595
1950	304793
1951	2778
1952	778682
1953	1571
1954	1489400
1955	1957
1956	1897008
1957	1923259
1958	803
1959	725
1960	492
1961	843168
1962	118
1963	1973
1964	1699
1965	32962
1966	2636
1967	2603428
1968	814
1969	1222
1970	1324
1971	2172
1972	1147806
1973	1492
1974	191370
1975	591
1976	2026749
1977	2632
1978	108619
1979	2948
1980	414977
1981	994
1982	968
1983	940
1984	770
1985	1675628
1986	577
1987	1034745
1988	431596
1989	1990
1990	1006
1991	1864
1992	1441
1993	625
1994	2627933
1995	80511
1996	789550
1997	2894
1998	2424651
1999	2877236
2000	164144
2001	1515
2002	2212
2003	346545
2004	907
2005	2505128
2006	2043535
2007	2384605
2008	2132
2009	238
2010	615
2011	565
2012	708591
2013	524351
2014	1924563
2015	1252842
2016	2966
2017	341
2018	76
2019	562
2020	404
2021	1076
2022	2533041
2023	2298612
2024	248
2025	2012189
2026	1081
2027	496
2028	2028
2029	672
2030	1461566
2031	1945598
2032	847732
2033	1413815
2034	998580
2035	1795450
2036	588
2037	2408394
2038	567
2039	2303
2040	2889
2041	2028845
2042	1622856
2043	1916167
2044	917498
2045	1451704
2046	497790
2047	1053
2048	1203583
2049	2031
2050	1650935
2051	805
2052	173
2053	655
2054	2208
2055	738249
2056	161311
2057	2553
2058	1911
2059	830905
2060	1641
2061	998920
2062	1566767
2063	207
2064	2792
2065	104
2066	2011
2067	1110690
2068	2385988
2069	938587
2070	1316
2071	1715371
2072	2776423
2073	401
2074	2250760
2075	5111
2076	92718
2077	580
2078	1607
2079	1423
2080	2323
2081	2777960
2082	1122
2083	1880
2084	95225
2085	2633
2086	1434
2087	153
2088	1995735
2089	1480
2090	1300659
2091	2074131
2092	1442579
2093	604171
2094	1747
2095	817
2096	278282
2097	2272794
2098	1624
2099	640
2100	107059
2101	624937
2102	2010
2103	149
2104	1546460
2105	2364316
2106	2202480
2107	1105389
2108	1153663
2109	1297
2110	1028348
2111	1832
2112	1409
2113	1158245
2114	1627394
2115	16
2116	8491
2117	1220
2118	843065
2119	183509
2120	782
2121	1564
2122	306710
2123	1935513
2124	2891
2125	768733
2126	890391
2127	768721
2128	198
2129	1774577
2130	2542
2131	162
2132	481
2133	1600042
2134	2368125
2135	1068577
2136	392
2137	2505569
2138	2808
2139	2477554
2140	2230
2141	2732295
2142	2816
2143	2495454
2144	10
2145	361248
2146	844140
2147	2937
2148	2485
2149	1523
2150	374
2151	2007
2152	2810
2153	1021378
2154	550403
2155	1531
2156	1390
2157	1004
2158	2301
2159	2464
2160	48701
2161	1312301
2162	160371
2163	152
2164	2373033
2165	1244
2166	947
2167	420439
2168	783
2169	2426896
2170	1865409
2171	263
2172	1312279
2173	1356015
2174	419
2175	922866
2176	1621
2177	2965
2178	1854
2179	694698
2180	98
2181	1993956
2182	2651183
2183	825433
2184	974
2185	1448169
2186	1372934
2187	61369
2188	1100
2189	2109
2190	301
2191	2202875
2192	103235
2193	2255594
2194	1325906
2195	346
2196	1509840
2197	15
2198	1008
2199	2491
2200	764321
2201	450
2202	610820
2203	338411
2204	1831
2205	1670
2206	722
2207	2947
2208	300
2209	936853
2210	1071
2211	2094
2212	2402389
2213	771447
2214	1787
2215	2999
2216	677755
2217	2804
2218	43013
2219	550
2220	694
2221	1901909
2222	2353
2223	301346
2224	860188
2225	2606
2226	607625
2227	1705
2228	174
2229	38611
2230	2290
2231	2904
2232	2365264
2233	2918
2234	941764
2235	2592663
2236	2408
2237	380045
2238	2403
2239	369213
2240	591169
2241	1355634
2242	2804326
2243	49184
2244	1164
2245	699570
2246	2158
2247	2509444
2248	316
2249	718822
2250	1337553
2251	1022814
2252	1093
2253	1142521
2254	1017
2255	945
2256	1401404
2257	2469
2258	2288517
2259	586
2260	773
2261	2777684
2262	385
2263	928
2264	318
2265	2524
2266	1254
2267	1583
2268	1946
2269	1775
2270	843815
2271	1712
2272	905
2273	1865
2274	467054
2275	44991
2276	769
2277	1231206
2278	1866
2279	2624896
2280	2249595
2281	236406
2282	2098052
2283	1045
2284	1794771
2285	743129
2286	1177706
2287	1444688
2288	179
2289	973933
2290	2797
2291	1502658
2292	2683
2293	1465
2294	1472
2295	551
2296	382704
2297	1355124
2298	813
2299	2642
2300	425
2301	2944
2302	1685
2303	455550
2304	2902
2305	127
2306	1364305
2307	864022
2308	2265066
2309	1416353
2310	213895
2311	2422
2312	2462794
2313	768727
2314	2339742
2315	1444
2316	857
2317	410
2318	784
2319	2719
2320	126523
2321	396
2322	1847691
2323	408
2324	2236
2325	1968
2326	1407966
2327	1733
2328	916015
2329	1131939
2330	527
2331	1934
2332	524
2333	1751
2334	60
2335	242
2336	2300
2337	423456
2338	432
2339	450436
2340	1617234
2341	112041
2342	1546
2343	1179147
2344	617647
2345	2356
2346	2144
2347	293
2348	2602
2349	737
2350	2363402
2351	2487632
2352	275829
2353	484
2354	2034
2355	2475
2356	2879
2357	1290209
2358	2435
2359	1387
2360	1970325
2361	426913
2362	347318
2363	1911553
2364	105569
2365	1747156
2366	277444
2367	864
2368	1372512
2369	216625
2370	1993
2371	2330
2372	465946
2373	1192046
2374	1790
2375	1387137
2376	1909608
2377	1919
2378	11953
2379	2156
2380	435
2381	2367571
2382	2728165
2383	1154
2384	2732
2385	1322
2386	430708
2387	250399
2388	2262897
2389	2389128
2390	2930
2391	234752
2392	2483991
2393	275
2394	1610
2395	2883107
2396	320925
2397	2510
2398	2083137
2399	1840
2400	700551
2401	367
2402	887390
2403	1289934
2404	2854
2405	883
2406	2497
2407	1139385
2408	2584208
2409	178
2410	400
2411	1780427
2412	1239
2413	2171441
2414	753
2415	2040
2416	1002060
2417	2343
2418	1209
2419	1726
2420	235842
2421	843
2422	2608
2423	795058
2424	1989035
2425	1949
2426	633110
2427	2521
2428	211
2429	1980
2430	1981
2431	896
2432	2105023
2433	2139
2434	514
2435	284284
2436	776
2437	321
2438	2716
2439	2482
2440	1549
2441	1855494
2442	556
2443	958388
2444	2051
2445	2416
2446	250758
2447	610923
2448	412671
2449	2008762
2450	2652549
2451	2361790
2452	417669
2453	2291
2454	2338
2455	939135
2456	185
2457	1039
2458	534
2459	2207
2460	904198
2461	1891
2462	2263
2463	105886
2464	575069
2465	2211
2466	1478686
2467	1669880
2468	756
2469	148
2470	84
2471	611008
2472	1880765
2473	735404
2474	682
2475	1067381
2476	1885206
2477	1517
2478	1437
2479	2028903
2480	1313434
2481	181978
2482	466585
2483	1177748
2484	2575
2485	664
2486	1188429
2487	2769
2488	2561306
2489	2255
2490	602
2491	2384228
2492	1167
2493	758004
2494	2895
2495	1001
2496	2709
2497	2789429
2498	1498
2499	543
2500	265036
2501	2667
2502	1891261
2503	611742
2504	1901990
2505	2076122
2506	887
2507	1771
2508	2355
2509	2443151
2510	1694
2511	1656824
2512	1216
2513	2589
2514	111339
2515	656
2516	469
2517	590209
2518	1738
2519	2524144
2520	2430
2521	604
2522	245
2523	113
2524	1660606
2525	1394086
2526	563
2527	2658495
2528	2004171
2529	1898125
2530	97723
2531	423
2532	293191
2533	362
2534	2363
2535	1931
2536	1537
2537	535
2538	2885
2539	1937999
2540	1354343
2541	2202296
2542	103458
2543	1229
2544	101
2545	1782203
2546	2717
2547	604111
2548	2077545
2549	2881286
2550	2226315
2551	1278939
2552	1585152
2553	323
2554	1696
2555	1920729
2556	1304
2557	2462789
2558	617
2559	1996
2560	2597968
2561	2470
2562	1734
2563	1527
2564	2520
2565	66
2566	1201
2567	936
2568	1770
2569	716724
2570	32113
2571	2474549
2572	1535128
2573	1054216
2574	1274
2575	1501
2576	989
2577	729
2578	741403
2579	1483214
2580	1661
2581	1524
2582	1594
2583	2051963
2584	1186
2585	561
2586	541937
2587	1474
2588	2306760
2589	1195944
2590	47
2591	2179
2592	2641235
2593	1137
2594	963393
2595	2129672
2596	2962
2597	1156183
2598	504214
2599	1213670
2600	880827
2601	1998016
2602	1256
2603	372981
2604	206
2605	2818
2606	946108
2607	832947
2608	1808
2609	1184
2610	2989
2611	1254354
2612	12
2613	2258
2614	891
2615	2168201
2616	1141
2617	238052
2618	2099
2619	2223
2620	630617
2621	2604203
2622	2166992
2623	954
2624	1453169
2625	868369
2626	1152
2627	74
2628	1028484
2629	864999
2630	714483
2631	1642
2632	1317265
2633	2488895
2634	467838
2635	2385
2636	1307
2637	1520
2638	347181
2639	2311
2640	2793351
2641	499317
2642	2388
2643	210513
2644	2984
2645	2598121
2646	409
2647	633
2648	772
2649	775952
2650	2967
2651	14
2652	2119
2653	1260
2654	128
2655	2789
2656	1116749
2657	1673891
2658	2727
2659	2478385
2660	1724
2661	117
2662	244
2663	708272
2664	2026022
2665	467
2666	624
2667	2972
2668	488
2669	2718666
2670	2685
2671	2474
2672	1412
2673	1269
2674	2509428
2675	1195
2676	2081
2677	344077
2678	427858
2679	1370
2680	2185772
2681	1381
2682	2440
2683	622
2684	2873448
2685	942
2686	80450
2687	523
2688	1126
2689	982952
2690	1405
2691	1796195
2692	1771794
2693	129
2694	1358876
2695	1270
2696	184565
2697	2872
2698	2707
2699	1855
2700	28
2701	994909
2702	1756587
2703	2663159
2704	2176
2705	78
2706	1366610
2707	2366377
2708	1711
2709	1187812
2710	203
2711	1474014
2712	81
2713	1112
2714	2322
2715	1238
2716	1832011
2717	2900
2718	507
2719	503
2720	2730
2721	1310
2722	1568390
2723	853
2724	45
2725	2112
2726	2446954
2727	291510
2728	906782
2729	2462801
2730	2432
2731	473
2732	1754
2733	2232
2734	405
2735	2566584
2736	430632
2737	430317
2738	2201266
2739	44642
2740	421
2741	1767557
2742	1311728
2743	2250547
2744	2996
2745	385255
2746	289
2747	2033
2748	1071476
2749	1967082
2750	617457
2751	1361
2752	2921
2753	2304
2754	1276227
2755	1863
2756	1940690
2757	1990239
2758	1900
2759	1268
2760	576036
2761	1241
2762	1153
2763	1993311
2764	31906
2765	2556
2766	441
2767	193
2768	1779
2769	1013964
2770	847352
2771	1252
2772	2433747
2773	53
2774	1719
2775	2886
2776	1160404
2777	348069
2778	2141
2779	1491
2780	100
2781	119370
2782	254854
2783	976
2784	1470837
2785	322539
2786	1727
2787	1330
2788	1084500
2789	501635
2790	2233
2791	2003
2792	2006614
2793	1275165
2794	1898989
2795	1127
2796	2806
2797	96530
2798	929
2799	1659106
2800	1251
2801	2700
2802	1296
2803	758
2804	702
2805	333
2806	1032475
2807	842
2808	2082878
2809	1457
2810	2743
2811	2157976
2812	1377964
2813	1392
2814	1187790
2815	1218295
2816	531
2817	966
2818	2221
2819	269
2820	1206527
2821	531852
2822	2085803
2823	1723
2824	1048405
2825	1083670
2826	1458959
2827	1854161
2828	1093895
2829	2666140
2830	1647
2831	1436518
2832	170
2833	1303515
2834	308346
2835	2767
2836	1848
2837	1315
2838	938506
2839	1576
2840	1633796
2841	690677
2842	2060
2843	1241473
2844	1088
2845	347472
2846	1352925
2847	1967175
2848	2986
2849	900201
2850	914
2851	2335
2852	1065710
2853	1125394
2854	174197
2855	670
2856	671
2857	743118
2858	65099
2859	2804809
2860	27
2861	2596390
2862	1352440
2863	1693
2864	2936
2865	1041335
2866	1916951
2867	444
2868	880185
2869	1745214
2870	1679
2871	2015519
2872	1132558
2873	2528
2874	755666
2875	2693091
2876	1888696
2877	8
2878	1697
2879	1905
2880	804508
2881	1022649
2882	252040
2883	1748006
2884	902762
2885	1993578
2886	1635825
2887	1674
2888	2336
2889	157557
2890	874962
2891	63
2892	1140
2893	91043
2894	918
2895	2706
2896	1978229
2897	2238
2898	1799
2899	1010
2900	2169
2901	1017267
2902	2493328
2903	2036966
2904	2324518
2905	2818033
2906	927
2907	1825
2908	787007
2909	278399
2910	139314
2911	1680
2912	2185
2913	1616
2914	1608
2915	2665
2916	1951
2917	215
2918	58
2919	627
2920	500006
2921	1241022
2922	602822
2923	868
2924	1408632
2925	2811719
2926	2319
2927	1730940
2928	1602
2929	1011767
2930	487
2931	1730120
2932	2276
2933	1573476
2934	1598
2935	1558
2936	2978
2937	882161
2938	1703
2939	801
2940	1148
2941	375
2942	308
2943	431115
2944	83003
2945	2109391
2946	1247
2947	191133
2948	306580
2949	1706127
2950	920044
2951	509601
2952	2078114
2953	1828
2954	859
2955	2773180
2956	2890
2957	2763
2958	580313
2959	1313460
2960	546
2961	940601
2962	2501422
2963	681
2964	1033731
2965	2763668
2966	1636068
2967	426661
2968	1477
2969	1027929
2970	256
2971	2614171
2972	1343447
2973	2324091
2974	1389166
2975	261558
2976	1695657
2977	2573
2978	306535
2979	699
2980	1189
2981	2517
2982	1424
2983	2814
2984	2856
2985	2616520
2986	1422
2987	1964
2988	2498336
2989	1851456
2990	1360303
2991	1187574
2992	445439
2993	2400734
2994	1210
2995	1287
2996	2494632
2997	2585
2998	287
2999	233
3000	874985
3001	181422
3002	1264
3003	1098996
3004	708
3005	2533
3006	1899963
3007	2803760
3008	278
3009	2997
3010	873
3011	1694875
3012	2988
3013	2657451
3014	2196
3015	2234
3016	2765
3017	2803093
3018	1563
3019	2262962
3020	2021
3021	2909
3022	467358
3023	1062
3024	105
3025	2603
3026	2597
3027	2413
3028	2079
3029	2701
3030	376686
3031	923769
3032	1174
3033	100895
3034	2549
3035	360
3036	1733216
3037	886299
3038	501362
3039	1103
3040	433301
3041	2530649
3042	830
3043	2990
3044	2934
3045	2724
3046	2170418
3047	756646
3048	1149
3049	2262
3050	254523
3051	1871
3052	855775
3053	246
3054	184
3055	867
3056	250574
3057	1977628
3058	299
3059	2284
3060	1675
3061	2339
3062	890299
3063	1977052
3064	2103
3065	171
3066	350
3067	2467
3068	420
3069	2523
3070	2517633
3071	636786
3072	1478
3073	1582
3074	811
3075	646
3076	291713
3077	1177746
3078	1075
3079	1881989
3080	2791
3081	132
3082	808219
3083	1844
3084	2666273
3085	136441
3086	923
3087	1862
3088	1918
3089	600924
3090	803669
3091	474
3092	1884
3093	1475
3094	2059
3095	2613
3096	1043
3097	2633465
3098	574739
3099	518
3100	1326
3101	349
3102	608
3103	2352248
3104	2325
3105	846918
3106	30
3107	2695462
3108	347926
3109	636
3110	850763
3111	1766391
3112	2272592
3113	1904813
3114	2942
3115	741713
3116	1853899
3117	1254667
3118	941
3119	1874
3120	2915
3121	1448
3122	2149
3123	2805003
3124	559075
3125	1638
3126	1176
3127	1921640
3128	1077
3129	822
3130	1795241
3131	2950
3132	2126794
3133	1631527
3134	2083
3135	1911701
3136	2282497
3137	1032
3138	946
3139	1302
3140	1898
3141	2546
3142	2731
3143	1407637
3144	744315
3145	2662
3146	2151743
3147	1998693
3148	382
3149	1030
3150	1932
3151	2881249
3152	806766
3153	174071
3154	2666619
3155	2431726
3156	607927
3157	490
3158	609755
3159	448988
3160	2253
3161	2620
3162	2863228
3163	795
3164	2201916
3165	2773
3166	272
3167	452
3168	2666
3169	2014483
3170	973514
3171	733
3172	498
3173	92
3174	1732
3175	2074399
3176	514890
3177	2649536
3178	237
3179	2771
3180	973467
3181	2910
3182	596895
3183	995312
3184	935
3185	2463052
3186	1087
3187	2401
3188	2318
3189	1372
3190	1290144
3191	1479029
3192	1587
3193	357
3194	2087992
3195	1881488
3196	63858
3197	1929605
3198	601724
3199	97
3200	2356782
3201	2483
3202	2401777
3203	187112
3204	1211
3205	1223086
3206	249384
3207	443
3208	2375
3209	2361701
3210	581
3211	281
3212	895827
3213	2673
3214	1938913
3215	2458
3216	1667
3217	1085180
3218	2472
3219	2535
3220	2024
3221	2278
3222	845
3223	2134
3224	151429
3225	647
3226	161
3227	101152
3228	528
3229	425978
3230	254653
3231	834504
3232	1682222
3233	1994466
3234	254591
3235	1735
3236	1464
3237	1659
3238	1567450
3239	1320
3240	1786329
3241	2345383
3242	2170
3243	2395
3244	328046
3245	2110
3246	2649
3247	1450
3248	1206042
3249	1292
3250	621289
3251	1351
3252	1961
3253	2627
3254	157089
3255	2220
3256	472
3257	860123
3258	1108
3259	180183
3260	533010
3261	869215
3262	2371
3263	910870
3264	2313
3265	2493968
3266	2655469
3267	2781
3268	1649
3269	61371
3270	1062927
3271	2738
3272	2850
3273	2516
3274	313
3275	691455
3276	1001063
3277	1794645
3278	330651
3279	228549
3280	1359
3281	31864
3282	2658
3283	846727
3284	2035
3285	2572
3286	44
3287	2565904
3288	2462346
3289	1384719
3290	909
3291	1194787
3292	446
3293	2800
3294	1812
3295	2946
3296	1634291
3297	2592704
3298	508
3299	850671
3300	1948039
3301	902479
3302	1766
3303	2587252
3304	559120
3305	1207
3306	2862760
3307	601115
3308	1223844
3309	2036989
3310	743155
3311	1364714
3312	1040
3313	101696
3314	1700778
3315	1906567
3316	767268
3317	1303
3318	2612
3319	2699684
3320	957
3321	320
3322	2022205
3323	1824
3324	32
3325	979504
3326	707
3327	1354
3328	1882
3329	1216220
3330	433650
3331	2807
3332	1635463
3333	2795842
3334	836
3335	1608508
3336	4
3337	2008
3338	418
3339	2463347
3340	825981
3341	1966459
3342	1372002
3343	2093170
3344	2655511
3345	390968
3346	1552
3347	170391
3348	476075
3349	1278
3350	751226
3351	1139
3352	2380
3353	2490
3354	1468
3355	2455
3356	2846371
3357	1859
3358	2406
3359	1195333
3360	398
3361	838740
3362	1135
3363	944
3364	2548
3365	1470
3366	924584
3367	2696
3368	329
3369	52
3370	1731
3371	1136
3372	2623469
3373	2209
3374	883519
3375	305
3376	2077
3377	2131256
3378	837
3379	1679110
3380	376737
3381	633361
3382	1202
3383	1777655
3384	2912
3385	1494
3386	1300
3387	993278
3388	150660
3389	1096647
3390	448
3391	2941
3392	450085
3393	300749
3394	1395
3395	175949
3396	380
3397	602494
3398	961
3399	1282
3400	2391
3401	806
3402	1318421
3403	585950
3404	2434049
3405	1133
3406	1548405
3407	2661
3408	616
3409	139
3410	142589
3411	464
3412	2117093
3413	2152595
3414	1918903
3415	1670662
3416	80183
3417	874650
3418	2652
3419	2056
3420	1799751
3421	301720
3422	56612
3423	1204
3424	2415
3425	2466130
3426	62
3427	2172466
3428	506
3429	1259
3430	709991
3431	1625
3432	1544
3433	2945
3434	1719879
3435	668
3436	2551620
3437	1241661
3438	2514
3439	1213
3440	2381
3441	430366
3442	1598520
3443	486
3444	2767685
3445	124
3446	1004652
3447	369
3448	827
3449	2804757
3450	2847
3451	731
3452	2173
3453	2023693
3454	144
3455	2494
3456	151
3457	2952
3458	2119213
3459	1672
3460	2977
3461	2296
3462	1114891
3463	1052693
3464	323671
3465	641
3466	2587
3467	295
3468	1889074
3469	2784
3470	1930102
3471	168
3472	1080790
3473	105656
3474	1949733
3475	2131
3476	43
3477	1075956
3478	843984
3479	2169520
3480	2718
3481	1679352
3482	472021
3483	376
3484	270
3485	1023276
3486	2352
3487	597
3488	556726
3489	896288
3490	2842
3491	920902
3492	267
3493	1788
3494	951
3495	2421
3496	1837
3497	289139
3498	1131
3499	1802617
3500	978
3501	937750
3502	2082945
3503	809
3504	1953
3505	1907570
3506	13
3507	2916
3508	79
3509	620
3510	2754
3511	428997
3512	1377
3513	1048895
3514	1337
3515	2073
3516	2418
3517	2477649
3518	832059
3519	364
3520	568906
3521	2805
3522	1203
3523	1915
3524	1901612
3525	2720
3526	1655308
3527	450051
3528	2839
3529	2264434
3530	2504996
3531	1546477
3532	425623
3533	988
3534	93
3535	1097
3536	1280
3537	2958
3538	2615
3539	1612553
3540	2011921
3541	1086061
3542	2299
3543	1128
3544	175428
3545	799381
3546	379
3547	2508
3548	2101
3549	726
3550	2834
3551	2728
3552	2040137
3553	2486080
3554	410859
3555	741473
3556	398834
3557	1741525
3558	2901
3559	285
3560	148311
3561	2750
3562	2857
3563	2444
3564	1885723
3565	2161
3566	708072
3567	2390510
3568	2666527
3569	2931
3570	2284501
3571	1026658
3572	2400085
3573	2622
3574	1595
3575	516
3576	728055
3577	2349
3578	2852
3579	830941
3580	901
3581	1780838
3582	1465588
3583	336627
3584	1676
3585	1525
3586	2751
3587	2025843
3588	950
3589	1750046
3590	2798
3591	1248
3592	2499
3593	587
3594	2786
3595	525735
3596	2571378
3597	1983013
3598	511692
3599	2660326
3600	2389
3601	1890081
3602	2098
3603	465806
3604	637
3605	1029
3606	629
3607	2938
3608	2491742
3609	2438
3610	2155
3611	2595
3612	1509
3613	2494291
3614	1660
3615	1658
3616	828279
3617	781
3618	919198
3619	947244
3620	1125
3621	1897855
3622	2641549
3623	2130
3624	2643
3625	2764
3626	987
3627	804920
3628	800185
3629	877
3630	1398
3631	2165701
3632	504235
3633	408726
3634	1771389
3635	290668
3636	108073
3637	649191
3638	1749
3639	766633
3640	1656
3641	861076
3642	1
3643	983347
3644	826
3645	371266
3646	1094
3647	2845025
3648	575
3649	76351
3650	274537
3651	222
3652	973468
3653	1360
3654	2862
3655	1969
3656	824726
3657	1704692
3658	2983
3659	2711
3660	122
3661	2634
3662	1469
3663	141
3664	2845
3665	2648
3666	1226
3667	194832
3668	2334493
3669	2571
3670	280
3671	1873317
3672	21
3673	981
3674	96
3675	1420
3676	2157
3677	1409820
3678	438
3679	24
3680	2593
3681	2619366
3682	985254
3683	279
3684	2128
3685	1459
3686	2536
3687	1641430
3688	2270
3689	2136144
3690	584
3691	1377416
3692	2460
3693	1440945
3694	1019631
3695	1522471
3696	2259426
3697	1991085
3698	446393
3699	182921
3700	2689
3701	1838
3702	163
3703	2315
3704	2693
3705	1476
3706	2851
3707	2650
3708	1161
3709	2003336
3710	1001407
3711	878
3712	1385
3713	21572
3714	871
3715	1298
3716	2574885
3717	860270
3718	1841
3719	1730
3720	1830
3721	680
3722	1971094
3723	570
3724	2283
3725	2859048
3726	1187
3727	844690
3728	2158083
3729	2316
3730	559465
3731	1063248
3732	1134
3733	422087
3734	2318109
3735	1019602
3736	1905843
3737	2133
3738	1219721
3739	2296309
3740	1342
3741	5
3742	1267
3743	2530671
3744	1522
3745	1107
3746	2204142
3747	2692290
3748	1038045
3749	2392
3750	2564681
3751	438210
3752	1801
3753	1922714
3754	1914761
3755	591298
3756	2251195
3757	471244
3758	1521
3759	408345
3760	964747
3761	2002531
3762	2599
3763	1294
3764	1386318
3765	982
3766	1926519
3767	1792
3768	2011972
3769	2956
3770	1998508
3771	2611
3772	2341735
3773	2785
3774	1068857
3775	1798
3776	1575
3777	2488553
3778	1149405
3779	1827346
3780	1042
3781	482
3782	152401
3783	2590
3784	2793
3785	628
3786	226790
3787	2503741
3788	227836
3789	1298814
3790	2824
3791	264330
3792	2710
3793	455563
3794	286518
3795	2562292
3796	583
3797	1855658
3798	1585635
3799	2394
3800	933192
3801	2000282
3802	992486
3803	2860142
3804	1539
3805	1941
3806	2333631
3807	1860
3808	2367480
3809	667
3810	1624947
3811	1907
3812	1626
3813	29
3814	2243
3815	194
3816	1347
3817	2000
3818	1366
3819	1789
3820	1596
3821	600
3822	1375
3823	1776
3824	2064
3825	2543
3826	139207
3827	2106
3828	148064
3829	774
3830	436727
3831	1982514
3832	2076
3833	1916831
3834	400882
3835	2445628
3836	1082434
3837	1856459
3838	1033776
3839	677
3840	2400652
3841	2488
3842	261
3843	2448
3844	1116
3845	2446447
3846	822460
3847	2115
3848	1821
3849	2549885
3850	1027662
3851	1376994
3852	2134091
3853	2833
3854	2460122
3855	2181
3856	748337
3857	88
3858	64
3859	1650364
3860	916
3861	3
3862	1419
3863	866
3864	2922
3865	2217
3866	467078
3867	1843
3868	1917014
3869	2672
3870	1586
3871	2554897
3872	2462
3873	2489
3874	2250
3875	431635
3876	1553
3877	838432
3878	2547
3879	2075078
3880	1035371
3881	879
3882	868371
3883	130
3884	1337839
3885	1160366
3886	956173
3887	695
3888	1177758
3889	1387298
3890	1809
3891	2122
3892	1430
3893	873043
3894	2656
3895	1927591
3896	1096
3897	940362
3898	2582
3899	1912981
3900	1035460
3901	765488
3902	1158
3903	2796
3904	2526
3905	2216231
3906	1648
3907	342
3908	2644
3909	794
3910	1627422
3911	803230
3912	1730982
3913	1683829
3914	168586
3915	2655795
3916	2038556
3917	1394
3918	2679121
3919	1461
3920	318831
3921	471874
3922	2061
3923	1997386
3924	1794673
3925	2359134
3926	1324787
3927	1086
3928	1675506
3929	1028
3930	2286
3931	1092
3932	1117
3933	557
3934	1921
3935	2166
3936	542538
3937	96814
3938	2635921
3939	2295
3940	1027828
3941	1643
3942	407410
3943	1118972
3944	429738
3945	2817120
3946	2496876
3947	1930
3948	1856101
3949	1187799
3950	1337659
3951	329068
3952	1336
3953	544305
3954	1131829
3955	1550
3956	2727892
3957	1268030
3958	276
3959	2203
3960	1415
3961	652920
3962	42
3963	684200
3964	2452133
3965	1917259
3966	1567618
3967	443646
3968	2432506
3969	958231
3970	273264
3971	430683
3972	1294782
3973	720
3974	996540
3975	2817
3976	163633
3977	2737103
3978	1344
3979	1541
3980	186633
3981	965
3982	2762
3983	663
3984	2437
3985	1061470
3986	1664
3987	241176
3988	2204
3989	943073
3990	2803444
3991	2298
3992	1519
3993	1853
3994	1645
3995	2899
3996	1277
3997	1803
3998	2281
3999	2465203
4000	2227
4001	2393
4002	727576
4003	1323051
4004	1052
4005	2590574
4006	1143
4007	2401720
4008	181
4009	602786
4010	1954
4011	2788
4012	303374
4013	36
4014	493
4015	2629
4016	713
4017	1118593
4018	1991359
4019	2881132
4020	1473
4021	456298
4022	1603
4023	2713
4024	788
4025	2017
4026	2749
4027	1035
4028	2282132
4029	2556227
4030	434
4031	377
4032	1936
4033	1896
4034	195
4035	2282607
4036	755732
4037	1110
4038	986
4039	6
4040	2424
4041	2067
4042	2310919
4043	1378417
4044	1317
4045	428199
4046	1912
4047	1191
4048	2271
4049	1950
4050	2866
4051	2752159
4052	291958
4053	1713
4054	2624
4055	821
4056	471962
4057	70926
4058	274
4059	2240
4060	757
4061	2638711
4062	1498019
4063	1566548
4064	1642683
4065	2187
4066	1364208
4067	994422
4068	1629
4069	1816
4070	984
4071	2875502
4072	1035920
4073	1700687
4074	1753
4075	1068
4076	2618
4077	918578
4078	556356
4079	1417
4080	100976
4081	645
4082	231
4083	672810
4084	743916
4085	1236431
4086	2953
4087	2527
4088	1073
4089	2745
4090	1692
4091	290
4092	1388
4093	1286
4094	1988
4095	2511
4096	1767
4097	1173
4098	701
4099	976530
4100	2874
4101	2877
4102	775
4103	2878
4104	1007
4105	2269
4106	2205
4107	1944851
4108	741755
4109	925
4110	2686
4111	898
4112	2905
4113	2908
4114	168805
4115	2634818
4116	2172055
4117	1004129
4118	1619
4119	1159
4120	1768422
4121	146
4122	2433
4123	2741
4124	2074517
4125	1038
4126	973263
4127	1111
4128	1671293
4129	931
4130	1348
4131	1827576
4132	1890
4133	2026243
4134	2120
4135	1915088
4136	979
4137	2397974
4138	693057
4139	107614
4140	1868
4141	1182
4142	2609
4143	255
4144	1748
4145	336
4146	1026259
4147	2725
4148	1010402
4149	2816994
4150	96756
4151	33
4152	2787581
4153	532577
4154	2030
4155	2212418
4156	1803290
4157	337
4158	1752
4159	2223107
4160	1044
4161	2655
4162	2704
4163	1570
4164	2401609
4165	2420
4166	2465
4167	867509
4168	806781
4169	1198568
4170	466313
4171	1281
4172	12653
4173	1353
4174	499
4175	2657
4176	2275
4177	488829
4178	2387953
4179	328279
4180	924833
4181	881
4182	1973830
4183	545748
4184	2249
4185	1566846
4186	31715
4187	2248
4188	771
4189	785041
4190	2359
4191	1190
4192	2006
4193	1783
4194	2509850
4195	1535325
4196	1547
4197	2345
4198	1356
4199	2225710
4200	548
4201	615884
4202	254042
4203	2672088
4204	1033
4205	2203058
4206	1022161
4207	1151
4208	691065
4209	26626
4210	1832189
4211	697
4212	1924
4213	2029
4214	44295
4215	2784527
4216	2100
4217	232776
4218	136
4219	538758
4220	1364664
4221	2651
4222	2980
4223	917
4224	642587
4225	11
4226	103
4227	2379
4228	2557
4229	1807880
4230	1660374
4231	205636
4232	351774
4233	1999
4234	240
4235	210
4236	2471
4237	2264
4238	523393
4239	500425
4240	1573
4241	220
4242	479
4243	2784533
4244	2822
4245	1444265
4246	2629416
4247	279223
4248	980
4249	1318
4250	2441
4251	385527
4252	768510
4253	595
4254	2747283
4255	701554
4256	1271
4257	2641
4258	1567
4259	891197
4260	2464016
4261	1047
4262	258
4263	169
4264	2677
4265	833162
4266	2780
4267	1909134
4268	2075
4269	1623169
4270	2050
4271	2287404
4272	2251
4273	2377
4274	2273
4275	1807345
4276	2659
4277	2991
4278	2679
4279	2004769
4280	1728
4281	1338732
4282	2416168
4283	1934634
4284	335
4285	1807
4286	902850
4287	471206
4288	650052
4289	483
4290	869
4291	964654
4292	70776
4293	2504
4294	1439089
4295	2734653
4296	1327
4297	714
4298	1873
4299	598
4300	1433
4301	91
4302	1349868
4303	135
4304	2118
4305	2501
4306	2496
4307	2767465
4308	182009
4309	1677
4310	2429
4311	2058
4312	2879166
4313	2282625
4314	146317
4315	2439
4316	1615556
4317	1250
4318	378
4319	1974
4320	902821
4321	717
4322	2341
4323	196
4324	2865
4325	2197
4326	2104
4327	1530
4328	1939
4329	437
4330	1666
4331	1236
4332	1542912
4333	2043
4334	69
4335	1132952
4336	119
4337	117301
4338	1185
4339	244687
4340	2091920
4341	72
4342	832285
4343	944953
4344	2181880
4345	1791
4346	194916
4347	2837
4348	1166
4349	1989609
4350	2331
4351	648
4352	956082
4353	1885500
4354	495539
4355	169757
4356	241
4357	1622
4358	406
4359	1635
4360	2025
4361	1285
4362	2759
4363	737452
4364	1887
4365	1748357
4366	1938
4367	1590268
4368	296765
4369	2639246
4370	2598
4371	1945876
4372	1947
4373	1146757
4374	1979
4375	2342
4376	2493701
4377	1622582
4378	2558
4379	2137551
4380	2370
4381	952
4382	1021
4383	2743357
4384	1581460
4385	1447522
4386	2664
4387	324
4388	1772
4389	700607
4390	365
4391	1774
4392	596
4393	2726
4394	2784170
4395	475
4396	1065
4397	1599291
4398	1090
4399	1856756
4400	1683
4401	2968
4402	2179308
4403	2621
4404	2767318
4405	1914
4406	141002
4407	568
4408	1763
4409	1018588
4410	1975
4411	1916750
4412	251008
4413	9
4414	1581432
4415	2612308
4416	901788
4417	307838
4418	463836
4419	1805657
4420	85004
4421	2172440
4422	2446
4423	2360
4424	2748
4425	2551511
4426	2344
4427	2688497
4428	2042
4429	992430
4430	1495
4431	1493
4432	1625749
4433	2123474
4434	2245572
4435	2293
4436	1986086
4437	897749
4438	744632
4439	235
4440	2066907
4441	457432
4442	2277
4443	546664
4444	1393
4445	1145
4446	1960
4447	1123
4448	371
4449	273438
4450	874
4451	1648547
4452	713336
4453	2128821
4454	2581456
4455	156
4456	785
4457	226
4458	668246
4459	1220438
4460	1001070
4461	847192
4462	1030938
4463	1337658
4464	2671181
4465	2308372
4466	500
4467	660
4468	254070
4469	2882
4470	1019995
4471	335105
4472	2755
4473	935416
4474	2970
4475	335581
4476	845173
4477	984876
4478	1525111
4479	1026
4480	1488789
4481	2746297
4482	166
4483	2671
4484	1994
4485	2218582
4486	2747
4487	825977
4488	2544
4489	1888680
4490	1471
4491	2876
4492	320837
4493	868206
4494	2257
4495	1928
4496	923503
4497	2147
4498	1343
4499	1916170
4500	941829
4501	2830
4502	2458715
4503	706
4504	340
4505	2848
4506	153800
4507	11221
4508	915
4509	676314
4510	1478735
4511	2498
4512	846947
4513	253
4514	2719404
4515	2346
4516	786
4517	2153033
4518	878929
4519	1960805
4520	2367916
4521	560
4522	1033041
4523	846591
4524	1814794
4525	1479
4526	1246731
4527	1949430
4528	617073
4529	1937
4530	2322625
4531	1381760
4532	2469070
4533	2893
4534	2695
4535	700801
4536	860
4537	2252
4538	157445
4539	2054933
4540	850
4541	1609636
4542	2560
4543	1906
4544	2612117
4545	2043972
4546	2820
4547	416430
4548	1665
4549	286
4550	797120
4551	2713951
4552	2261
4553	2509
4554	1739
4555	1815
4556	1910
4557	1358
4558	1067825
4559	832
4560	2619540
4561	1750771
4562	1027643
4563	2125793
4564	875
4565	1013547
4566	1907258
4567	2392551
4568	80
4569	2564
4570	571386
4571	2391378
4572	2493358
4573	1147520
4574	1389071
4575	2117200
4576	685
4577	2095
4578	1690
4579	1096105
4580	2539
4581	1499
4582	2559
4583	2500
4584	2150445
4585	1349065
4586	1198996
4587	800378
4588	457361
4589	1313150
4590	2870
4591	1030578
4592	735997
4593	2336342
4594	821496
4595	764
4596	1012
4597	1284254
4598	1318438
4599	1346
4600	1883
4601	578
4602	2202
4603	1702
4604	540
4605	227
4606	2215
4607	1813
4608	2405461
4609	1355
4610	485
4611	2493588
4612	2844
4613	1784
4614	2367
4615	1486
4616	2034321
4617	2020838
4618	519
4619	2998
4620	2496536
4621	1521135
4622	1173250
4623	2570
4624	1235
4625	1567876
4626	530
4627	2723
4628	1795
4629	850285
4630	979821
4631	2570516
4632	599260
4633	403
4634	2782
4635	1635255
4636	1290
4637	1757
4638	1533485
4639	1078
4640	2584256
4641	2484695
4642	1688
4643	999287
4644	1818031
4645	2574
4646	665323
4647	163540
4648	1008107
4649	1449
4650	2473
4651	2032
4652	1924672
4653	1808135
4654	281946
4655	315
4656	2591
4657	426257
4658	38
4659	1488951
4660	885
4661	1362
4662	556316
4663	650
4664	2245
4665	2688
4666	2589131
4667	819
4668	2030667
4669	920834
4670	1343570
4671	2531
4672	1467
4673	1852
4674	351243
4675	2036
4676	1660520
4677	2459
4678	1265
4679	180
4680	2229717
4681	2113037
4682	319156
4683	278495
4684	461
4685	532
4686	2666312
4687	2541010
4688	309
4689	1885
4690	1720942
4691	522
4692	2437762
4693	1584
4694	1013946
4695	1136337
4696	2697
4697	1615232
4698	2911
4699	2024038
4700	2072
4701	1811
4702	807
4703	2757
4704	2923
4705	2803
4706	2554843
4707	918763
4708	1432051
4709	421666
4710	1283
4711	395
4712	978867
4713	1612
4714	896394
4715	2884
4716	2367669
4717	1421991
4718	2193
4719	2634646
4720	431
4721	619
4722	1399
4723	1313033
4724	2575755
4725	2371496
4726	133196
4727	2089
4728	1846
4729	1339
4730	585
4731	1566897
4732	1651
4733	2247
4734	953
4735	928137
4736	351771
4737	2012
4738	691
4739	1338
4740	2365
4741	1636595
4742	2823
4743	2259494
4744	2795
4745	2271931
4746	1028372
4747	1036257
4748	1349
4749	1214
4750	388
4751	2619641
4752	248813
4753	239
4754	2177
4755	2957
4756	371723
4757	1056
4758	2237
4759	2384042
4760	2108
4761	741553
4762	142972
4763	1021342
4764	1991
4765	209
4766	2496567
4767	1678990
4768	2493493
4769	449053
4770	1668828
4771	752
4772	99
4773	2669
4774	2638
4775	2718164
4776	125268
4777	1418
4778	1782
4779	2340
4780	2766535
4781	2397
4782	2614
4783	2425
4784	1408745
4785	1765054
4786	2675
4787	2308547
4788	41
4789	1089
4790	1577
4791	501
4792	462
4793	2715
4794	2013
4795	890873
4796	1231
4797	216
4798	517
4799	2118252
4800	2761856
4801	2979
4802	293463
4803	359193
4804	343
4805	779
4806	271
4807	167
4808	2292
4809	871026
4810	1163
4811	1786077
4812	1490
4813	427
4814	455
4815	1679447
4816	2779
4817	34
4818	1835795
4819	262028
4820	2767448
4821	2357382
4822	154798
4823	2816348
4824	1293
4825	736
4826	1312715
4827	1313628
4828	1794
4829	1613
4830	1042965
4831	2114837
4832	2459172
4833	832828
4834	2434982
4835	276014
4836	1878
4837	2691
4838	1956
4839	391
4840	2819639
4841	1244907
4842	716
4843	1374
4844	1865466
4845	1904758
4846	683
4847	1048
4848	1876
4849	845835
4850	1855931
4851	727950
4852	2959
4853	106918
4854	2987
4855	535956
4856	2029196
4857	852190
4858	1160
4859	800324
4860	2022214
4861	519712
4862	966818
4863	2436051
4864	1781
4865	1389
4866	1917930
4867	939
4868	293350
4869	54763
4870	1966
4871	2434640
4872	2043715
4873	2682814
4874	2452
4875	1944
4876	2734441
4877	2821
4878	1253
4879	1157578
4880	1020
4881	2378593
4882	2964
4883	2853
4884	1988254
4885	209795
4886	1977
4887	882
4888	833125
4889	699090
4890	542
4891	1636528
4892	1081047
4893	1882488
4894	1482964
4895	1180
4896	1096036
4897	2004
4898	1120
4899	1986
4900	817176
4901	100009
4902	1893408
4903	1785598
4904	1066
4905	1807188
4906	1037
4907	1167632
4908	2008399
4909	617414
4910	973
4911	250
4912	869773
4913	2502126
4914	799
4915	2304283
4916	2601
4917	545
4918	2933
4919	347657
4920	2138479
4921	1818
4922	844067
4923	2660422
4924	270762
4925	249660
4926	1050
4927	1819
4928	854028
4929	2534
4930	2518206
4931	1686
4932	1409950
4933	2768
4934	2168
4935	2766596
4936	1070
4937	44137
4938	66174
4939	1006486
4940	2185584
4941	441762
4942	359146
4943	455675
4944	1992
4945	652
4946	2292790
4947	2382
4948	750450
4949	1639
4950	1940
4951	354
4952	752679
4953	1295
4954	1444939
4955	2672846
4956	543128
4957	1083
4958	1855530
4959	930
4960	2133886
4961	742
4962	96889
4963	792875
4964	1551099
4965	123792
4966	1529
4967	1081752
4968	584928
4969	1826
4970	1764
4971	1700803
4972	2048
4973	1040026
4974	2579
4975	2541
4976	2149607
4977	2400802
4978	1527423
4979	929131
4980	819567
4981	1624541
4982	1084
4983	2617336
4984	1786147
4985	96386
4986	1234
4987	2819
4988	2088
4989	613
4990	2184911
4991	204085
4992	798
4993	2783517
4994	1192
4995	994858
4996	1113
4997	1010230
4998	2818127
4999	283
5000	2721
5001	1918343
5002	1762
5003	1662
5004	17
5005	2722676
5006	2518
5007	2752
5008	355
5009	1440
5010	1439
5011	160
5012	763051
5013	1604
5014	230
5015	537
5016	1597
5017	1338185
5018	617660
5019	2219
5020	861763
5021	584093
5022	682078
5023	2364547
5024	774737
5025	761039
5026	692
5027	1591
5028	1585
5029	1171691
5030	1469905
5031	2010009
5032	2310
5033	1721405
5034	2500424
5035	508240
5036	1218
5037	1610961
5038	911
5039	1416
5040	2165
5041	359
5042	370
5043	470
5044	321226
5045	1064603
5046	2521553
5047	884143
5048	2282
5049	2006299
5050	1073409
5051	2871
5052	2329
5053	1998
5054	603804
5055	55
5056	874990
5057	2099881
5058	715
5059	1689
5060	1942951
5061	143815
5062	755
5063	2804835
5064	2167847
5065	2883016
5066	2054
5067	2401916
5068	1262
5069	2924
5070	2272739
5071	2879004
5072	2080009
5073	1423289
5074	1715
5075	202
5076	674
5077	890154
5078	1045765
5079	700
5080	2163
5081	442155
5082	1027609
5083	1904
5084	2506
5085	1013
5086	2566
5087	2505698
5088	1568
5089	1967
5090	2092
5091	578583
5092	1085
5093	478
5094	725839
5095	2860
5096	1679235
5097	2368
5098	2195
5099	346937
5100	1227761
5101	2863
5102	1746
5103	683332
5104	932052
5105	1402
5106	499526
5107	2037110
5108	273635
5109	1917704
5110	2125
5111	1230094
5112	2654911
5113	2564942
5114	1902
5115	109392
5116	548204
5117	407
5118	1818134
5119	2154
5120	709
5121	1833
5122	800565
5123	291678
5124	1778
5125	1183
5126	194847
5127	1280086
5128	1950454
5129	291112
5130	1063
5131	576
5132	1534177
5133	497
5134	387
5135	471738
5136	104162
5137	1410
5138	2192
5139	1605
5140	2275712
5141	2296387
5142	433354
5143	1772978
5144	1076949
5145	1704
5146	103013
5147	1877323
5148	1178
5149	600480
5150	2357346
5151	2073767
5152	1266
5153	1036974
5154	1361343
5155	1308
5156	2758
5157	182584
5158	1956509
5159	306
5160	1615183
5161	1102
5162	1206
5163	641449
5164	106
5165	791462
5166	860801
5167	840
5168	1566
5169	711
5170	1202631
5171	2241
5172	2804955
5173	2744
5174	900
5175	2308315
5176	2503519
5177	552
5178	2412
5179	2781645
5180	454857
5181	1632
5182	573
5183	642
5184	1961716
5185	2129
5186	723553
5187	2288
5188	1767193
5189	1154792
5190	26038
5191	1032168
5192	2274296
5193	888
5194	592
5195	1608912
5196	1536
5197	2479701
5198	1809177
5199	618
5200	2439494
5201	68
5202	1023
5203	504
5204	1813668
5205	1953510
5206	165
5207	1048020
5208	574
5209	2625
5210	1636283
5211	2569
5212	30478
5213	1049
5214	1687
5215	1546933
5216	1585267
5217	619750
5218	2052
5219	2516091
5220	2815
5221	94
5222	1588
5223	75
5224	328726
5225	2080
5226	1761
5227	347
5228	626
5229	2466
5230	1218926
5231	2727987
5232	2442
5233	1556
5234	753196
5235	2869
5236	1983
5237	2702
5238	2282623
5239	1857
5240	1246619
5241	154
5242	121
5243	1237
5244	752865
5245	188
5246	1451754
5247	2849
5248	2616
5249	2848349
5250	2969
5251	214
5252	1637
5253	1717
5254	1431
5255	1025
5256	1505
5257	1219
5258	2628
5259	2222
5260	744
5261	87
5262	1710
5263	2459289
5264	1164114
5265	861651
5266	846
5267	1281998
5268	2590555
5269	953296
5270	384048
5271	1671603
5272	2567
5273	2374
5274	1970
5275	1967773
5276	1893
5277	1045807
5278	2110174
5279	389404
5280	2727818
5281	277
5282	358278
5283	2057641
5284	2981
5285	576023
5286	2665729
5287	1804
5288	73
5289	1998020
5290	1011
5291	863630
5292	1054
5293	1620
5294	2065
5295	2943
5296	2160
5297	1851
5298	2081434
5299	1314
5300	653
5301	518809
5302	988760
5303	672470
5304	2678
5305	1275
5306	450360
5307	1155
5308	2362
5309	1021131
5310	2213292
5311	1691
5312	377763
5313	869714
5314	426
5315	26
5316	1508
5317	1005633
5318	1795100
5319	1027020
5320	906
5321	1051771
5322	912290
5323	1014
5324	1497
5325	169222
5326	2896
5327	2089805
5328	610720
5329	2961
5330	1578
5331	2646
5332	789
5333	19704
5334	905168
5335	1590
5336	1580
5337	2259471
5338	740
5339	2436067
5340	2362784
5341	1197
5342	455762
5343	2000414
5344	721130
5345	672450
5346	2645
5347	2373346
5348	524609
5349	1287027
5350	2419
5351	654
5352	794360
5353	1435
5354	1899
5355	126
5356	1380859
5357	2266
5358	83
5359	744658
5360	1233
5361	494582
5362	2799
5363	1067
5364	555
5365	2595163
5366	1000
5367	1245488
5368	1526
5369	1514
5370	2517382
5371	777
5372	1507
5373	2993
5374	1932083
5375	71937
5376	870
5377	2181555
5378	2026005
5379	2260341
5380	2734
5381	2339683
5382	1617559
5383	1540
5384	201
5385	1959
5386	2507
5387	54
5388	2578
5389	1988789
5390	2602552
5391	1896607
5392	378936
5393	2396
5394	108254
5395	1168
5396	415
5397	2567895
5398	2831
5399	1181314
5400	1786749
5401	1569
5402	2483153
5403	2136
5404	2562
5405	569063
5406	2218633
5407	574741
5408	422187
5409	1534
5410	1397
5411	275563
5412	1142
5413	1217877
5414	1618194
5415	150
5416	1025666
5417	509
5418	532966
5419	2081556
5420	867312
5421	1757479
5422	2280
5423	2458274
5424	2305
5425	1625039
5426	2565678
5427	1756417
5428	1879
5429	719452
5430	886
5431	698931
5432	2735
5433	2694
5434	1797305
5435	1610975
5436	905152
5437	1895
5438	2734051
5439	1047114
5440	943401
5441	2484
5442	2390
5443	2367503
5444	389
5445	302229
5446	2378
5447	1196
5448	2519
5449	996083
5450	1445
5451	641631
5452	2670
5453	1121729
5454	2126
5455	2043921
5456	2459220
5457	1103299
5458	2704393
5459	146473
5460	1352
5461	1542
5462	728048
5463	458
5464	1227
5465	976980
5466	2804819
5467	1484
5468	2491656
5469	2610
5470	1566623
5471	1047089
5472	1995116
5473	281995
5474	754672
5475	108820
5476	751073
5477	1963908
5478	751227
5479	1425
5480	940701
5481	169458
5482	2039
5483	1324106
5484	1059
5485	165586
5486	2116
5487	1858
5488	44225
5489	2387091
5490	2804409
5491	2282202
5492	2016
5493	1442602
5494	734
5495	467397
5496	199
5497	998
5498	2540
5499	2146
5500	2554
5501	2670015
5502	1631
5503	2832
5504	1824603
5505	2117
5506	2384
5507	657
5508	1046
5509	2552
5510	603224
5511	2348
5512	1548
5513	1429
5514	1673869
5515	1380
5516	317400
5517	654961
5518	1335
5519	2457
5520	274226
5521	480
5522	1657
5523	69923
5524	913
5525	923676
5526	363
5527	1406
5528	2739
5529	1786191
5530	2811
5531	2705
5532	510
5533	1139508
5534	2449
5535	110
5536	1052926
5537	609
5538	708995
5539	1290707
5540	2583
5541	2510636
5542	738
5543	1124
5544	1810
5545	2105
5546	2081672
5547	2740
5548	828
5549	1811270
5550	1287948
5551	2228
5552	2481
5553	1178300
5554	1403
5555	1978
5556	1308203
5557	760
5558	999
5559	590
5560	1823
5561	1627948
5562	2378515
5563	2493954
5564	494
5565	770377
5566	2413220
5567	1299
5568	905305
5569	890165
5570	1382
5571	1188255
5572	2153
5573	649
5574	2723369
5575	1045598
5576	428
5577	2102
5578	328
5579	1333
5580	2098442
5581	189
5582	2522
5583	1759
5584	2928
5585	1181
5586	2503
5587	449
5588	216327
5589	296
5590	1908
5591	421471
5592	1174808
5593	393
5594	2717276
5595	1917291
5596	824776
5597	2254
5598	1516
5599	1538
5600	827053
5601	1124628
5602	65
5603	975
5604	1228
5605	2864128
5606	127590
5607	82
5608	2433225
5609	833
5610	2682
5611	539
5612	1027737
5613	1847
5614	2327902
5615	348
5616	1439687
5617	2323115
5618	2766
5619	1678715
5620	2835
5621	70
5622	643
5623	723206
5624	923007
5625	1907116
5626	2708
5627	2060931
5628	2663
5629	200
5630	2975
5631	2605
5632	918761
5633	517982
5634	176
5635	2201
5636	1988867
5637	1946489
5638	820
5639	974950
5640	759749
5641	569
5642	526
5643	1297846
5644	1785805
5645	2364645
5646	589
5647	497338
5648	932
5649	1623
5650	2500852
5651	2167386
5652	2565334
5653	2068
5654	2788739
5655	605
5656	2828
5657	1663
5658	434319
5659	417742
5660	2000370
5661	1295934
5662	31645
5663	690
5664	1336172
5665	1033105
5666	995
5667	886326
5668	1007209
5669	2525
5670	1119
5671	525594
5672	2787
5673	1374636
5674	1115
5675	2047
5676	2491781
5677	969
5678	903
5679	558
5680	126081
5681	290923
5682	131
5683	1297238
5684	1188
5685	746
5686	384
5687	2849225
5688	2014
5689	1130996
5690	1971099
5691	2960
5692	2190
5693	445
5694	690025
5695	933
5696	497681
5697	765
5698	2772
5699	2107
5700	1069
5701	756650
5702	224
5703	943
5704	912
5705	1827
5706	2167397
5707	2405
5708	749584
5709	1900912
5710	992
5711	1021104
5712	1363
5713	708592
5714	2180678
5715	1413
5716	218
5717	1217
5718	2306524
5719	392041
5720	749
5721	2044
5722	1708
5723	2478
5724	2550
5725	2071
5726	2285
5727	895816
5728	1035361
5729	1695
5730	2023
5731	2138
5732	634
5733	2761
5734	172
5735	2493
5736	196147
5737	1886350
5738	1933
5739	2297
5740	1158207
5741	1291683
5742	1288
5743	2037
5744	1451
5745	2289
5746	514318
5747	1031
5748	158848
5749	665703
5750	755432
5751	1383
5752	2026
5753	1019
5754	2692135
5755	1534799
5756	95816
5757	502
5758	1967423
5759	1716440
5760	2699
5761	2607
5762	2367668
5763	2250721
5764	662
5765	863
5766	853122
5767	157
5768	818957
5769	1426
5770	1438
5771	134
